5 WORK = IT WORKS


Gray	Adkins

Austin - Central, Austin - East, Austin - South, Austin - South West, Austin - West/Westlake, Dripping Springs/Wimberley

JS Results - (34)
78701, 78703, 78712, 78731, 78705, 78751, 78756, 78702, 78722, 78723, 78752, 78753, 78754, 78724, 78721, 78725, 78659, 78704, 78745, 78749, 78748, 78652, 78739, 78737, 78735, 78736, 78746, 78730, 78732, 78726, 78733, 78620, 78619, 78676

// Google Sheets Results (34)
78619, 78620, 78652, 78659, 78676,
78701, 78702, 78703, 78704, 78705,
78712, 78721, 78722, 78723, 78724,
78725, 78726, 78730, 78731, 78732,
78733, 78735, 78736, 78737, 78739,
78745, 78746, 78748, 78749, 78751,
78752, 78753, 78754, 78756

------------------------------------------------------------------------------------------------

Seth	Thompson
Austin - Central,
Austin - North West,
Austin - East,
Austin - South East,
Austin - South,
Austin - South West,
Austin - West/Westlake,
Lake Travis - South Shore,
Lake Travis - North Shore,
Round Rock, Pflugerville,
Cedar Park/Leander/Liberty Hill,
Manor/Elgin,
Hutto/Taylor/Coupland,
Bastrop/Smithville,
Dripping Springs/Wimberley,
Kyle/Buda/San Marcos,
Austin - North Central

JS Results - (76)
78701, 78703, 78712, 78731, 78705,
78751, 78756, 78730, 78750, 78726,
78759, 78729, 78727, 78702, 78722,
78723, 78752, 78753, 78754, 78724,
78721, 78725, 78659, 78741, 78742,
78744, 78747, 78719, 78617, 78704,
78745, 78749, 78748, 78652, 78739,
78737, 78735, 78736, 78746, 78732,
78733, 78738, 78734, 78669, 78657,
78645, 78641, 78654, 78665, 78664,
78681, 78717, 78613, 78660, 78642,
78653, 78621, 78650, 78634, 76574,
78615, 78612, 78602, 78957, 78620,
78619, 78676, 78610, 78640, 78644,
78656, 78666, 78655, 78757, 78728,
78758

// Google Sheets Results (76)
76574, 78602, 78610, 78612, 78613,
78615, 78617, 78619, 78620, 78621,
78634, 78640, 78641, 78642, 78644,
78645, 78650, 78652, 78653, 78654,
78655, 78656, 78657, 78659, 78660,
78664, 78665, 78666, 78669, 78676,
78681, 78701, 78702, 78703, 78704,
78705, 78712, 78717, 78719, 78721,
78722, 78723, 78724, 78725, 78726,
78727, 78728, 78729, 78730, 78731,
78732, 78733, 78734, 78735, 78736,
78737, 78738, 78739, 78741, 78742,
78744, 78745, 78746, 78747, 78748,
78749, 78750, 78751, 78752, 78753,
78754, 78756, 78757, 78758, 78759,
78957


------------------------------------------------------------------------------------------------

Matt	Witte
Austin - Central,
Austin - North West,
Austin - East,
Austin - South East,
Austin - South,
Austin - South West,
Austin - West/Westlake,
Lake Travis - South Shore,
Round Rock, Pflugerville,
Manor/Elgin,
Hutto/Taylor/Coupland,
Bastrop/Smithville,
Dripping Springs/Wimberley,
Kyle/Buda/San Marcos,
Austin - North Central

JS Results - (72)
78701, 78703, 78712, 78731, 78705,
78751, 78756, 78730, 78750, 78726,
78759, 78729, 78727, 78702, 78722,
78723, 78752, 78753, 78754, 78724,
78721, 78725, 78659, 78741, 78742,
78744, 78747, 78719, 78617, 78704,
78745, 78749, 78748, 78652, 78739,
78737, 78735, 78736, 78746, 78732,
78733, 78738, 78734, 78669, 78657,
78665, 78664, 78681, 78717, 78613,
78660, 78653, 78621, 78650, 78634,
76574, 78615, 78612, 78602, 78957,
78620, 78619, 78676, 78610, 78640,
78644, 78656, 78666, 78655, 78757,
78728, 78758

// Google Sheets Results (72)
76574, 78602, 78610, 78612, 78613,
78615, 78617, 78619, 78620, 78621,
78634, 78640, 78644, 78650, 78652,
78653, 78655, 78656, 78657, 78659,
78660, 78664, 78665, 78666, 78669,
78676, 78681, 78701, 78702, 78703,
78704, 78705, 78712, 78717, 78719,
78721, 78722, 78723, 78724, 78725,
78726, 78727, 78728, 78729, 78730,
78731, 78732, 78733, 78734, 78735,
78736, 78737, 78738, 78739, 78741,
78742, 78744, 78745, 78746, 78747,
78748, 78749, 78750, 78751, 78752,
78753, 78754, 78756, 78757, 78758,
78759, 78957

------------------------------------------------------------------------------------------------


Michelle	Gibbs
Austin - Central,
Austin - North West,
Lake Travis - North Shore,
Georgetown, Round Rock,
Pflugerville,
Cedar Park/Leander/Liberty Hill,
Manor/Elgin,
Hutto/Taylor/Coupland,
Austin - North Central

JS Results - (40)
78701, 78703, 78712, 78731, 78705, 78751, 78756, 78730, 78750, 78726, 78759, 78729, 78727, 78645, 78641, 78654, 78628, 78633, 78626, 76530, 78665, 78664, 78681, 78717, 78613, 78659, 78753, 78754, 78660, 78642, 78653, 78621, 78650, 78634, 76574, 78615, 78757, 78728, 78752, 78758

// Google Sheets Results (40)
76530, 76574, 78613, 78615, 78621,
78626, 78628, 78633, 78634, 78641,
78642, 78645, 78650, 78653, 78654,
78659, 78660, 78664, 78665, 78681,
78701, 78703, 78705, 78712, 78717,
78726, 78727, 78728, 78729, 78730,
78731, 78750, 78751, 78752, 78753,
78754, 78756, 78757, 78758, 78759


------------------------------------------------------------------------------------------------


Jason Soto

Austin - South East,
Austin - South,
Austin - South West,
Austin - West/Westlake,
Dripping Springs/Wimberley,
Kyle/Buda/San Marcos

JS Results - (32)
78741, 78742, 78744, 78747, 78719, 78617,
78704, 78745, 78749, 78748, 78748,
78652, 78739, 78737, 78749,
78735, 78736, 78746, 78730, 78732, 78726, 78733, 78620, 78737, 78619, 78676, 78610, 78640, 78644, 78656, 78666, 78655



// Google Sheets Results (29)
Jason	Soto
78610, 78617, 78619, 78620, 78640, 78644,
78652, 78655, 78656, 78666, 78676, 78704,
78719, 78726, 78730, 78732, 78733, 78735,
78736, 78737, 78739, 78741, 78742, 78744,
78745, 78746, 78747, 78748, 78749
